0.259451,0.501890,0.496589,0.486696,0.498964,0.504628,0.494712,0.524536,0.498571,0.508243,0.495053,0.503928,0.498665,0.493543,0.488498,0.491717,0.501935,0.500376,0.494722,0.490359,0.476885,0.512500,0.490550,0.486742,0.504591,0.520939,0.518692,0.506417,0.493247,0.496915,0.502843,0.500965,0.480583,0.491547,0.491874,0.503152,0.502619,0.503573,0.489654,0.487353,0.506987,0.509586,0.512863,0.508650,0.490368,0.488012,0.495841,0.497749,0.491850,0.497754,0.507810,0.485194,0.490490,0.483793,0.484181,0.510460,0.505608,0.504684,0.486388,0.490497,0.498613,0.492894,0.514564,0.266476,
0.508093,1.005186,0.990862,0.989305,1.022492,1.021488,0.992282,1.023722,1.003057,0.991008,0.987538,0.990252,0.995601,0.984603,0.985521,1.008188,0.992943,1.012962,0.971035,0.988935,1.007041,1.027071,1.003040,0.995205,0.988299,1.012462,0.997440,0.999838,1.009164,1.005176,1.004282,1.009833,1.011731,0.993000,0.997626,0.981798,0.994249,1.000540,1.001401,1.021316,1.010005,1.010898,1.009744,1.012600,0.990319,1.002283,0.979172,0.976369,0.990942,1.000475,1.001018,0.993161,1.012469,0.995191,1.012962,0.990277,0.995253,0.992483,0.983346,1.004972,0.977324,0.979181,0.996937,0.501507,
0.515803,1.005062,0.992382,0.975933,1.002801,0.984623,1.002743,0.983503,1.010334,1.006916,0.998741,0.988422,0.988344,0.989496,0.995162,1.010763,0.989115,0.994316,1.009300,1.009767,1.021285,1.003209,0.979436,0.989742,0.994080,1.013811,0.989874,0.976289,1.006661,0.982224,0.991396,1.011591,1.014096,1.008338,1.002234,0.999842,0.999128,0.992267,1.011304,0.999688,0.991509,1.014917,0.999933,1.006136,0.989000,0.996501,0.984252,0.994223,1.006567,0.982472,1.003110,1.014083,1.009360,1.008467,1.021876,1.007904,0.985104,0.980718,0.960353,1.011764,1.017870,1.001930,0.999283,0.504909,
0.507593,0.995699,1.003397,0.996979,1.002120,0.966664,0.976720,1.012679,1.013741,1.010917,1.003395,1.019698,1.002686,0.987228,0.995490,1.006644,0.992234,0.995354,1.007611,1.020112,1.021003,1.014804,1.015009,0.986214,0.989450,1.003552,1.011947,0.986411,0.976883,1.003390,1.001814,1.018856,1.018515,1.010019,0.999818,0.994800,1.002426,0.988715,0.971605,0.994788,1.001882,0.997405,0.989066,1.004020,0.997552,1.006387,1.010427,0.993243,0.986428,0.985906,1.013368,1.033297,1.037167,1.000947,1.007701,1.002560,1.006060,1.008784,0.988512,0.969530,1.005025,0.999784,1.003318,0.497116,
0.500023,0.983071,0.996167,0.983919,1.007284,0.984541,0.976285,1.002187,1.002427,0.992827,0.991217,1.018235,1.012328,1.004289,0.990049,1.021275,0.996715,1.008662,1.003944,1.007568,1.016622,1.012501,0.997069,0.990947,1.006215,1.014615,0.991087,0.990987,0.987593,1.020966,1.003866,1.001836,1.011761,1.034462,1.013057,0.981198,0.981687,0.969082,0.978689,1.007907,0.995189,0.971537,1.004504,0.993952,1.006478,1.022922,0.993531,1.004989,0.978170,0.999860,0.989845,1.002645,1.019978,1.007558,1.003172,0.988550,0.991447,0.997622,0.999198,0.959437,0.995986,0.999178,0.986070,0.505054,
0.484200,0.981935,1.015310,0.999410,1.008104,0.989951,0.994485,0.978294,1.006590,1.022127,1.002236,1.004160,0.983653,0.990939,0.999594,1.009525,0.998388,1.021441,1.008390,0.996372,1.007628,1.025554,1.006173,0.997008,0.990611,1.022235,0.987177,0.992888,0.960893,0.994257,1.020938,1.012552,0.990115,1.007804,0.996145,0.999414,0.966285,0.990824,1.003293,1.033650,1.001254,0.991431,1.028386,1.000947,1.008347,1.021470,0.987659,1.009360,0.999443,1.005523,0.971043,0.986938,0.996662,1.013620,0.998170,1.010834,0.990394,0.989261,0.991176,0.988929,0.980731,0.985323,1.002868,0.493096,
0.513839,1.029775,1.022381,1.009424,0.984762,0.987403,1.002201,1.010903,1.002018,1.026948,1.036897,0.993936,0.989003,1.006516,1.000733,0.977309,0.975468,1.006887,1.017213,1.002664,0.979372,1.011877,1.001124,0.995797,0.983605,1.000371,1.013090,1.031569,1.001336,0.981234,0.977091,0.996170,1.003533,0.985101,1.014103,1.004975,1.000478,1.007957,0.990183,1.004330,1.005952,1.008750,1.025222,1.018191,0.998220,0.994818,0.991803,0.998866,1.002477,1.009308,0.998849,1.002678,1.008036,1.010842,0.990963,0.987163,1.007360,0.995786,0.987592,0.996363,1.001269,0.999232,0.964467,0.500421,
0.498751,1.011135,1.007556,1.023220,1.017853,1.002308,0.998405,1.012257,1.002299,0.981470,1.012119,1.023152,1.013169,0.997762,0.991385,0.984380,0.994962,1.016909,1.033315,1.005740,0.981572,1.018445,1.010930,1.009859,0.992577,0.981409,1.018576,1.020604,1.017545,0.984173,0.983115,0.988211,1.005190,0.992092,0.993583,1.007110,0.991274,0.978011,0.990592,0.992864,1.016553,1.029789,1.031823,1.007001,1.004192,1.012041,1.020371,0.980249,0.982844,0.977521,0.999746,0.963053,0.995665,1.020960,0.993171,0.999417,1.009826,1.003199,0.988463,1.005866,0.997464,1.003269,0.991753,0.513251,
0.488244,1.018907,0.988136,1.018187,1.018037,0.976631,0.990509,1.012175,1.009571,0.980489,0.992219,1.014640,1.015192,0.998959,0.982673,1.014350,1.032030,1.044084,1.017094,1.013907,1.002979,1.007046,1.024587,0.966046,0.999542,1.002367,0.999476,0.986738,0.997559,1.027231,1.030155,0.992877,0.995921,0.975289,1.016304,1.032576,1.012604,0.989420,0.976637,0.999567,1.003318,0.999773,1.004175,0.981799,0.960437,0.988837,0.979327,0.998784,0.988715,0.985297,1.014749,0.991930,1.008478,0.989529,0.991235,0.994357,0.976053,0.994489,0.983860,0.999248,1.008591,0.999027,0.987559,0.514417,
0.482423,0.983694,0.996548,1.015986,1.006482,0.993877,0.987958,0.977010,1.011920,1.015004,0.987171,0.998331,0.996906,0.997277,1.011723,1.014477,1.009948,1.032697,1.012741,0.986092,0.995433,1.014932,1.002703,0.985992,1.009148,0.995960,0.981225,0.987409,0.984196,1.003217,1.016138,1.010312,1.007164,0.980327,0.992786,1.000724,1.011246,1.007509,0.977618,0.994895,1.002668,0.996067,0.991136,1.017776,0.988885,1.001108,0.989151,0.991490,0.985218,0.977521,1.013995,1.022933,0.999806,1.014758,0.999594,0.976357,0.984023,0.995009,0.982251,1.001610,0.984644,0.984637,1.018565,0.516006,
0.494156,0.984412,0.993856,1.008084,0.999096,1.022250,1.002825,0.967771,0.987680,1.010841,1.002462,0.985529,1.001076,0.998324,1.032312,1.009154,1.004190,0.999593,1.004582,1.003259,1.005521,1.001442,0.984653,0.987592,0.994914,0.990670,1.007241,0.990707,1.006494,0.976752,0.986812,1.009053,1.018667,1.001515,1.000882,1.005600,0.985757,0.991682,0.999966,0.998081,1.012275,1.006648,0.984890,1.003275,1.007648,1.005892,1.038235,1.031523,0.987227,0.986452,0.996702,1.010472,0.997337,1.028795,1.002167,0.985643,1.005656,0.998942,0.999431,0.992508,0.988336,1.010808,1.020994,0.489827,
0.494242,0.989638,1.014457,1.010628,0.985827,1.004627,0.995521,1.002396,0.986705,0.992141,0.992832,1.004776,0.981248,0.984434,1.020845,1.011426,0.992646,1.004364,0.995241,1.007657,0.999698,1.011154,0.989484,0.975199,0.989647,0.979063,0.987323,1.004151,0.993171,0.972527,0.994385,1.004045,1.003073,1.012196,1.001770,0.994047,0.981212,0.975545,1.012529,1.010698,0.994209,1.000466,0.988315,0.978932,1.022304,0.976774,0.990878,0.997040,1.002839,1.006722,0.992787,1.020940,1.026120,1.037738,1.000172,1.009740,1.029486,0.977368,1.005996,1.005751,1.003437,1.014726,0.997922,0.512965,
0.483900,0.973770,1.006174,1.012048,1.017503,1.010429,0.974643,0.998745,1.016999,0.998654,0.979290,0.997779,0.975662,0.992823,1.015435,1.013245,1.015040,0.971009,0.992816,0.978403,0.975846,0.991243,1.015732,0.992871,1.011151,0.987358,0.994515,0.980830,1.009127,0.990965,1.004196,1.022627,1.000073,0.991974,1.007092,1.012344,1.013348,1.016419,0.999478,0.978799,0.968185,1.002530,0.987482,1.008001,1.019458,1.028686,0.997772,0.988387,0.979135,0.982916,0.982410,0.985257,1.000226,1.007483,1.034618,1.009978,1.031642,0.984212,0.988099,0.985814,0.984800,0.998972,1.007591,0.513467,
0.485711,0.971118,0.995738,0.993078,1.007045,0.997066,0.993942,1.025633,1.006197,0.988668,0.986593,0.993911,0.988761,0.984972,1.008966,1.009957,1.004434,0.999187,1.023167,1.004814,0.985394,0.982045,0.992027,0.982975,1.020972,1.002291,1.007965,1.009107,0.986528,1.004340,0.997687,1.024997,1.015755,0.990459,0.983621,1.012258,1.011882,0.987926,1.005818,1.010138,0.989813,0.993942,0.984544,0.999486,1.008482,1.004893,0.997848,1.003494,0.991259,1.000085,0.997652,0.986423,0.997290,0.996466,1.008574,1.010966,1.001555,0.990778,1.004263,1.007148,1.008987,1.009880,0.983422,0.498321,
0.507995,0.986184,0.973112,0.984153,1.007315,1.015523,0.996439,1.009360,1.012031,0.986386,0.985964,0.987421,0.990130,0.994870,1.009434,0.988904,0.982582,1.021901,0.992130,1.015964,1.020889,1.000275,1.036400,1.022016,1.022634,0.983041,0.997292,1.003488,0.982499,0.990292,1.014295,1.036240,1.011297,0.982027,0.982274,1.005905,1.002342,0.996900,0.980955,1.006743,1.013585,0.995616,0.996144,0.997217,0.976059,1.002248,0.994572,1.002270,1.029244,1.005223,0.983722,0.972683,0.982954,0.975246,1.008844,1.001110,0.989420,0.980444,0.995387,0.974403,1.015372,1.021607,1.020909,0.494892,
0.495062,0.998902,0.990827,1.008310,0.995151,1.005092,0.995726,0.982018,0.979395,0.984578,0.980138,0.998684,1.007853,0.994412,1.013000,0.983330,0.995201,0.992691,0.989763,0.988080,1.016378,0.985427,1.001217,1.010922,0.983457,0.979913,0.974329,0.965494,0.987124,1.018716,0.998382,1.010980,0.993800,0.982172,0.993338,0.992748,1.000038,1.009838,0.979671,0.990205,0.997599,1.002422,0.983862,1.016809,1.000283,1.009111,0.981902,0.991813,0.979754,0.992878,0.966044,0.993631,1.004079,0.993091,0.985418,0.986626,0.985256,0.976128,1.021743,1.007341,1.017732,1.029264,1.027485,0.506709,
0.499425,1.000480,0.993217,1.016622,0.992880,1.007657,1.012027,1.011152,0.983716,1.007165,1.000173,1.015886,1.017812,1.010023,0.991355,0.999288,0.980434,0.961307,1.011657,1.002026,0.984354,0.999991,0.995616,1.005063,0.984408,0.987762,1.001777,0.996915,0.989519,1.026230,1.016260,1.003091,1.010960,1.005249,0.998036,0.980055,0.994105,1.011169,0.998167,0.983727,0.990563,0.991938,1.014753,1.009183,1.001878,1.017465,0.976364,0.983744,0.993115,1.011799,0.991849,0.997115,1.011245,0.988895,0.974577,0.978543,0.985270,1.008621,1.016199,1.000302,1.013569,1.009026,0.990195,0.488083,
0.500580,1.002113,0.990675,1.015454,1.000783,1.006382,0.992978,0.997517,0.997214,1.000441,0.980745,0.981087,0.981302,1.022390,1.000821,1.006248,0.994899,0.978317,0.965812,1.004445,1.000522,0.973074,1.015781,1.016242,1.019692,1.006942,1.001631,1.018106,0.970055,1.012478,1.007263,1.011592,1.026202,1.007647,1.007722,0.962990,0.974712,1.007616,1.021526,1.016627,0.981163,1.006978,1.014667,0.979953,1.015592,1.004592,1.000476,0.977540,0.991424,0.997880,0.983455,0.982952,1.021326,1.005495,1.013440,0.986128,0.991043,1.017351,1.009508,1.012078,1.010052,1.027600,1.024691,0.499443,
0.515189,1.006017,1.007455,1.009234,1.030956,0.993585,0.965116,0.981851,1.010191,1.007314,1.001712,0.991026,0.993177,1.023931,1.032184,1.003582,0.982471,1.011055,1.005382,1.005324,0.999792,0.996856,1.018044,1.018645,0.995090,0.987750,0.989390,0.961191,0.969294,0.990965,1.014202,1.010722,1.025590,0.986394,0.974601,0.979458,1.000362,1.012946,1.009923,1.002390,0.997113,0.994567,1.003303,0.988471,0.994974,0.988937,1.002572,1.008548,0.984246,0.989804,1.014312,0.983827,1.004791,1.004707,1.021803,0.999722,0.988210,0.984111,1.023806,1.009339,1.021922,0.986191,0.989391,0.508349,
0.497977,0.993722,1.016472,1.001076,1.021740,1.019143,1.025377,1.016383,1.006945,0.997667,1.012938,0.993594,1.004955,1.022416,1.005550,0.992915,0.971302,0.997828,0.987285,1.015043,1.022071,1.010708,0.992857,1.003878,1.014755,0.989563,0.977938,1.003653,1.013756,1.003410,0.981755,1.020801,1.011811,1.014641,0.976916,0.986281,0.981065,1.019315,0.986446,1.006804,0.993362,0.985406,1.006298,0.987744,1.011940,1.009321,1.003903,0.999904,0.988892,0.997471,1.011619,1.002931,0.999282,1.002064,1.010539,1.020321,0.984784,1.011695,1.034237,0.989171,0.992883,0.983229,1.003770,0.512199,
0.485339,0.984335,1.012100,1.006922,1.002586,1.011560,1.010754,0.993753,1.009500,1.014201,1.008408,1.024597,1.010953,0.989272,0.975220,0.994143,0.984025,1.022797,0.991846,1.000945,1.004665,0.986432,0.998730,1.003046,0.997778,1.003206,1.023733,1.014899,1.019170,1.015471,1.012228,0.999062,1.004105,1.005767,0.971353,0.981662,0.995009,1.004893,0.977845,1.030528,1.003034,0.987627,0.980772,0.980526,0.978641,0.998555,1.004288,1.003056,0.993856,1.021541,0.988928,0.982603,0.987442,1.023312,1.003411,1.006605,1.016290,1.004987,1.023451,0.986808,1.003609,1.014965,1.008002,0.497588,
0.497418,1.005318,1.016187,0.997044,0.999739,0.994559,0.979538,0.987656,0.996844,0.999403,0.989731,1.000665,0.978168,0.970427,0.990280,1.003206,1.002708,0.977055,0.974452,1.012836,0.998521,0.994248,0.991874,1.014581,0.999929,0.999641,1.023092,0.995680,1.006585,1.003219,1.023529,1.006480,0.986556,1.012626,0.999842,1.007592,1.000062,1.039957,0.987670,0.999580,1.003783,0.980034,0.990936,0.990137,0.973646,0.981148,1.001408,1.006750,1.006465,0.998219,0.994806,1.016557,1.018945,1.015907,1.021494,1.019139,1.000417,1.012274,0.970797,0.968024,1.010540,1.018780,1.008065,0.508078,
0.482371,1.002756,0.997802,0.986128,0.996202,0.998147,1.004728,1.004945,1.026117,1.008447,0.996382,1.011699,0.988013,0.972804,0.986817,0.990993,1.026213,0.998660,0.988357,1.028608,0.996190,1.018912,0.998092,0.985589,0.991127,0.985702,1.024129,0.994824,0.987135,0.977949,0.997549,0.991131,0.988332,1.028455,1.010910,1.013103,1.028640,1.014513,0.994813,1.003190,1.006207,1.005258,1.010797,0.987851,1.032269,0.991770,0.973946,1.004882,1.019486,0.999893,1.015298,1.002664,1.026341,1.002229,1.005519,1.011094,0.984222,1.008283,0.998163,0.968935,1.010218,0.992502,0.980245,0.490573,
0.485043,1.010302,1.015820,1.003836,0.970453,1.000644,1.009328,1.014244,1.016170,0.996406,0.999940,1.005148,1.016974,0.991703,1.009344,1.003441,1.028035,1.017582,1.005738,0.998968,0.964781,1.003947,0.994972,1.016401,1.010564,1.014108,1.052945,1.001889,0.994164,1.006428,1.000116,0.996552,0.993238,0.997208,0.994025,1.000205,1.004435,1.001659,0.985285,1.004352,1.020091,1.019369,1.000911,0.987399,0.999187,1.008400,0.995661,1.002800,0.992887,1.003403,0.996543,0.996715,1.002729,0.974086,0.994600,0.981131,0.983296,1.015450,1.001008,0.994155,0.988389,1.006074,0.998577,0.507004,
0.493391,0.994697,1.016808,0.996866,1.012479,1.019438,1.016294,1.017224,0.982677,0.998289,0.995987,1.016376,0.986003,0.992586,1.018694,1.027390,1.022094,1.000767,0.978520,0.996299,0.988100,1.002960,0.997872,1.003893,1.009732,1.033298,1.026345,1.002528,1.018375,1.005102,0.991822,1.008811,0.991796,1.005655,1.015161,1.005316,1.004816,1.000226,1.004676,1.006422,1.009372,1.018747,1.004995,1.023031,0.978028,0.980994,0.979591,1.005426,0.996008,1.004555,0.987965,0.989836,0.985412,1.004060,1.004325,0.984556,1.000577,1.005240,0.999952,1.000267,1.009121,1.001371,0.983942,0.506829,
0.501273,1.005559,0.978543,0.997760,1.020857,1.016988,1.016315,0.998469,0.997830,0.993679,1.009406,1.009354,1.013226,0.989856,1.011638,0.990794,0.979105,1.011752,0.978072,0.974948,0.961887,0.993233,0.980589,0.999522,1.010657,1.023498,0.991045,0.997246,0.987964,1.006908,1.012212,1.015589,0.985394,1.010566,1.026780,1.002783,0.999872,1.005608,1.026306,1.001863,1.026278,1.029512,1.000655,1.001187,0.996693,0.983346,0.990967,1.002889,0.997375,0.988087,0.986968,0.999610,0.972136,0.988085,0.984705,0.992017,1.013399,0.979714,1.003931,0.983966,1.020307,0.978968,0.978993,0.511644,
0.494583,0.991811,1.005907,0.989617,1.006838,1.007070,1.011202,1.002542,1.004496,0.997703,1.011448,0.985430,0.985847,0.984235,0.987742,0.994374,0.986246,1.001343,1.008995,1.005392,0.990267,1.019703,1.007175,1.009753,0.994736,0.996468,0.991366,1.020307,1.021484,1.003651,0.979742,0.989487,0.997939,1.013455,1.005630,0.994201,0.995040,1.018124,1.006436,0.980704,1.008615,1.012316,1.003431,0.971983,1.014962,0.989072,0.974117,0.980455,0.997140,1.006887,0.993345,0.994685,1.007432,0.994558,1.005180,1.005673,0.996472,0.983445,1.008750,0.995052,0.990078,0.994051,1.003368,0.502739,
0.496420,1.017046,1.010490,0.994854,0.994606,1.001232,0.986873,0.976715,0.988360,0.991718,0.992973,0.984004,1.008911,1.002775,1.043279,1.010824,0.976686,0.994491,1.005448,1.018465,1.025308,1.019164,1.033804,1.012421,0.985535,0.999465,1.001819,0.996597,1.019733,1.010485,0.987529,1.006442,1.004487,1.008734,1.011324,1.009349,0.992206,1.017051,0.994473,0.993626,1.025388,1.018204,1.011766,0.981358,0.998000,1.013354,0.983054,0.986944,1.000454,0.994010,1.006697,1.015484,0.998234,0.975775,0.998475,1.011294,0.993477,0.997490,0.994884,1.009596,0.996368,0.984994,1.015884,0.491587,
0.492574,0.980715,1.004545,1.017488,0.998464,1.002112,1.009122,0.999381,1.031664,1.007495,1.003394,1.002906,0.995547,0.959389,1.014160,0.995429,0.990468,0.988570,1.004198,1.002164,0.994582,1.010316,1.027035,0.997862,0.990860,0.989017,1.011918,1.007012,1.008433,1.003247,0.964490,0.983029,0.994366,0.970713,0.980919,0.994759,1.000597,0.990668,0.991858,0.994283,1.015632,0.982744,0.988846,1.022298,1.009823,1.001123,1.014312,1.002011,1.017141,0.988043,0.990592,0.999916,0.987979,0.981832,0.991565,1.003655,1.006681,1.016995,1.003180,0.995962,1.012585,1.018470,1.009531,0.492818,
0.506712,1.015696,1.008152,1.008821,0.997238,0.999955,1.025439,1.020672,1.001582,0.990970,1.041096,1.028434,1.023453,0.991518,1.000656,1.007793,0.996515,1.002944,0.990611,0.987049,0.993117,0.991605,0.988463,0.997520,0.992029,1.009229,1.002713,0.996036,1.041614,1.021889,1.026366,1.008846,1.000684,0.989612,0.983336,1.002161,1.015032,1.011775,0.997336,0.988898,1.005690,1.019502,0.990603,0.993499,1.018569,0.992911,0.998901,0.993788,1.011901,0.998857,1.015111,0.999211,0.990853,1.018377,0.988377,0.984101,1.021563,1.024082,1.024501,1.000660,1.019917,1.009966,1.007716,0.494217,
0.509621,1.026835,1.001651,0.998933,0.999869,0.988058,0.999000,1.003755,0.994083,0.977040,0.981400,1.002907,1.001245,1.007607,0.975215,1.009342,0.988159,0.991020,0.981601,0.973306,1.020118,0.987117,0.986330,0.974502,0.971014,0.978306,1.005159,0.994606,0.995910,0.972176,0.997126,1.013357,1.014002,0.994980,1.030355,1.007701,0.983767,1.007288,1.004265,0.976472,1.015086,1.014370,1.006493,0.993913,0.984688,1.016525,1.007517,1.002920,1.003567,1.042724,1.028907,0.980098,0.975229,0.989149,0.989704,1.000974,1.015527,1.021342,1.009690,1.009863,0.982643,0.968859,0.977439,0.493271,
0.503182,1.012056,1.010412,0.996946,0.986993,1.006799,1.014487,0.986005,0.976307,0.997473,0.980373,1.004631,0.997055,0.989894,0.975061,0.996532,0.992253,0.981210,0.985669,0.985900,1.003829,0.996547,1.011741,0.992258,0.994268,0.983694,0.996114,0.985735,1.034231,1.009905,1.007156,1.017318,0.989789,1.004039,1.012382,1.012524,0.989671,0.976808,0.992655,0.992712,1.006767,0.989831,0.987805,0.995873,0.994786,1.006173,0.994717,0.987045,0.997181,0.992554,1.002044,0.995938,1.006702,0.994450,1.025612,1.023190,1.014325,1.009352,0.988674,0.990304,0.995143,0.995966,0.994558,0.505760,
0.491561,0.993916,1.008835,0.997993,0.998529,0.997984,1.032434,0.994579,0.990231,1.007763,1.018357,1.001440,0.994563,0.983592,1.000690,1.035523,1.007089,1.008276,1.001377,1.000020,1.002206,1.007652,1.012369,0.998383,0.972847,1.012578,0.998893,0.984405,1.014070,1.009838,0.983315,1.006828,0.973422,0.982101,0.976138,1.005487,1.011921,1.000348,0.993842,0.968514,1.001575,0.980931,1.002698,1.006721,1.008861,1.003703,0.982727,0.981757,0.980339,1.007444,0.986884,1.003352,1.015371,0.996769,0.993874,1.029703,1.000475,0.994985,0.995554,1.018489,0.993865,1.018307,1.018368,0.508627,
0.494647,0.998945,0.996032,1.012150,0.992912,0.985936,0.995092,0.999302,0.997364,0.995404,0.990980,0.995418,1.017868,0.989699,1.002081,1.017579,0.998896,0.995351,1.023450,1.017067,1.010969,1.020142,1.003862,1.021809,1.002793,1.017456,1.009143,0.979499,0.996641,0.990905,1.010542,1.006651,1.014601,1.005136,1.008393,0.990970,0.999833,0.978444,0.980509,0.975124,0.985523,0.997352,0.975903,0.971197,0.957826,0.967014,1.001493,0.986229,0.975711,0.989664,0.983007,1.013630,1.011012,1.003806,0.984729,1.035181,0.989790,1.017018,1.025861,0.994677,1.013935,1.020417,1.006507,0.498817,
0.508171,1.007826,0.996619,1.009934,1.007926,1.001819,0.999001,1.007051,0.994269,0.983212,0.971398,0.978570,1.006789,0.985562,0.993201,0.986056,0.972286,0.980586,1.016026,1.019084,0.999822,1.007166,1.014696,1.006141,1.013345,1.004931,0.986296,0.979570,1.017925,0.985086,1.003365,0.984436,0.986748,1.016109,1.008426,0.993822,0.990975,0.987520,0.995979,0.995364,1.006615,1.000955,0.991803,1.013758,0.998689,0.992771,0.985892,1.015858,1.003582,0.989434,0.992703,0.986671,0.990906,0.988148,0.996813,0.996606,0.987700,0.994139,0.995593,0.969596,0.989795,1.000646,1.019368,0.496021,
0.498691,0.999962,1.028389,1.003949,1.019197,0.996748,1.002761,1.010589,0.976847,1.013857,1.001934,0.989382,1.012587,1.004765,0.990620,0.983620,0.991888,1.020204,0.997277,0.984303,1.005838,1.024877,1.010977,0.988440,1.012059,0.992330,1.002942,0.989453,1.013915,1.014161,0.993213,1.000462,0.972231,0.999736,1.012491,1.042291,1.029979,0.992880,1.009763,0.980488,0.992950,1.011761,0.982654,1.009333,1.019733,0.999188,1.013355,0.994437,1.002944,1.024638,0.992813,0.996661,0.971986,0.985162,0.961517,0.985003,1.005471,1.001785,1.001527,1.016878,1.011918,1.011977,1.011254,0.496412,
0.508687,0.992953,0.973715,0.975049,1.028555,1.007226,1.003922,1.022673,0.994556,1.028895,1.014177,1.013075,0.994387,1.000918,1.001568,0.990796,1.009747,1.015483,0.999427,0.982212,0.982712,1.007558,1.000981,1.015498,1.015327,1.018717,0.999149,1.006500,0.991103,1.010075,0.989817,1.011939,1.005249,1.004051,1.011853,1.009540,1.025965,1.014383,1.006596,0.975685,0.984230,1.000374,1.002999,1.024065,1.019749,0.997924,0.978084,0.998212,1.003214,1.024966,0.983164,0.984093,0.991167,0.999871,1.007340,1.002500,1.002071,1.006446,1.004037,1.015780,1.010993,1.014672,1.004743,0.501757,
0.487172,1.026136,0.998556,0.997688,1.008106,1.013080,0.969103,1.002331,1.010165,0.984569,0.992559,0.998289,0.993806,0.983414,0.997556,1.011494,0.979450,0.976170,0.991570,1.007908,0.983782,0.999223,0.996924,0.991191,1.009341,1.001037,0.985933,0.997832,0.996248,0.988900,0.978600,1.000624,0.982703,0.992310,0.994669,1.007896,1.000258,1.000653,0.982658,0.982159,0.987894,1.005178,1.005959,1.024441,1.018410,0.974471,0.986237,1.023833,1.021190,1.017148,0.996317,0.987840,0.977431,0.994511,1.005845,1.015342,1.007115,1.007509,1.012454,1.003839,1.018256,1.023449,0.996034,0.505334,
0.512919,1.025299,1.013072,0.998273,0.993441,1.001063,0.986763,0.993806,1.017522,1.025421,0.993926,0.968159,0.977007,0.965348,0.994566,0.996250,0.978219,0.982805,0.979889,0.987381,0.985611,0.984296,1.016723,1.007583,0.992526,0.990739,0.998056,1.036950,1.005005,0.978572,0.990269,1.011070,1.009283,1.021479,1.003972,1.001671,0.980781,1.014838,0.994988,1.007121,0.985428,0.980646,0.985594,0.981726,1.002134,1.013937,0.988472,0.995443,0.988380,1.000096,1.021562,1.013084,1.007316,0.988160,1.005413,1.015135,0.994796,0.991758,1.010051,0.984833,1.009038,1.025808,0.987873,0.490939,
0.493814,0.994234,0.993071,0.999071,1.012777,1.001626,0.988171,0.986127,0.994141,1.008129,0.997129,0.969007,0.966526,0.975345,0.987997,0.983259,0.992196,1.002311,1.014020,1.008992,1.025000,0.979829,0.984242,1.003246,1.015408,1.001481,1.002935,1.034363,1.012981,1.020259,0.989698,1.024729,1.028028,0.999352,1.005568,1.013401,0.978378,0.973368,0.976604,1.008679,0.989279,0.995046,0.997589,1.014109,1.007549,1.006254,0.991786,1.005796,0.997082,1.002535,1.001777,0.995188,1.007113,0.994564,1.012886,0.994187,1.021125,1.001134,1.003642,1.003340,0.993782,1.023717,1.004835,0.517621,
0.506627,1.019003,1.021084,0.989696,0.990170,0.995006,0.998354,1.008938,1.010233,1.004912,0.996677,0.999642,0.999547,1.015938,0.995802,0.992098,0.984105,0.997712,1.011361,0.994269,1.017890,0.988748,0.999205,1.015275,1.025685,1.004129,0.998415,0.988658,0.986154,1.016329,0.986410,1.022423,1.012463,0.985477,0.995728,1.009901,0.989011,0.987917,0.988167,1.000183,0.998276,1.005526,1.003543,1.016140,1.011985,1.003089,1.011349,1.008878,1.004052,0.991917,1.004867,1.021443,1.015949,1.009800,0.995492,0.981609,0.996529,1.000291,1.012721,0.989308,0.998214,0.999086,0.995351,0.487722,
0.515882,0.992772,1.020685,1.018665,1.000142,0.975327,1.001858,0.994562,1.005481,1.007610,0.995073,0.966498,0.997263,0.999437,0.989641,0.998730,1.001106,1.011848,0.985465,0.983797,0.994623,0.988410,1.013540,1.013136,0.979376,0.997580,0.999269,1.006483,0.994510,0.983401,1.009086,0.999210,0.989641,0.990090,0.997358,1.000373,1.000523,0.986761,0.990206,0.993242,1.023861,1.021194,1.000666,1.013850,0.996465,1.001331,1.015541,0.997489,1.000808,0.990742,1.006609,1.020961,1.020784,1.008886,0.993098,0.984800,0.970125,0.981420,0.996495,0.994992,0.981378,0.998668,1.014250,0.483149,
0.504940,1.011906,0.993338,1.005392,0.992601,1.003035,1.015354,0.992999,1.023025,0.992441,0.973996,0.949349,0.994930,0.995248,0.996616,1.009183,1.011053,0.999913,0.982257,0.979841,0.993637,1.000811,1.013847,1.014283,0.999418,0.994609,0.997904,1.025419,0.998933,0.992675,1.002034,1.006551,1.014625,1.005987,0.999332,1.015428,0.991924,0.998269,0.998543,1.011670,0.987850,1.006233,1.008196,1.014735,1.009863,0.986717,0.999063,0.998175,1.001053,1.001412,1.005781,0.982404,0.997610,1.007790,1.021756,0.982341,0.981169,0.980218,0.990200,1.008306,0.980405,0.982118,0.993637,0.500858,
0.482324,0.993409,0.999525,1.009716,0.987449,1.009372,0.995775,0.990481,1.008167,1.001314,1.003869,1.000834,0.991752,1.009746,1.015321,1.044441,1.036777,1.000494,0.993349,0.988321,1.000404,0.992735,1.019118,1.012545,0.994752,0.998379,0.992380,1.021924,0.979567,1.009449,1.003794,0.992512,0.992771,0.982138,0.965994,1.010055,1.021587,0.998969,1.009124,1.012399,0.996694,0.972543,0.989756,0.982274,1.002413,0.993105,1.003997,1.001642,1.023890,1.023329,1.012454,0.997605,1.002061,0.998829,0.999188,1.025234,1.011594,0.972484,0.971514,0.987529,0.979205,0.987998,0.972000,0.497375,
0.488394,0.990061,1.011852,0.987196,0.995338,0.996907,1.008263,1.004995,0.993145,0.989938,0.995432,0.981529,0.960949,0.979566,1.004038,1.024224,1.030137,1.015675,1.005274,0.998882,0.988414,0.990924,1.008610,1.021827,1.000678,1.010649,0.993089,0.973909,0.974327,0.994278,0.998870,0.988584,0.995861,1.013275,1.017013,1.033504,1.009104,1.006946,1.012045,1.002907,1.010098,0.994882,1.003183,1.001556,0.988743,0.995701,1.023061,1.003039,1.008757,1.002519,0.999808,0.999997,0.991588,0.991174,1.012247,1.012612,1.007183,0.984607,1.015239,0.997890,0.987043,0.996955,0.998282,0.503758,
0.499830,1.010201,1.005846,1.027069,0.984695,0.990644,1.002389,1.000335,0.995550,0.967126,0.980363,1.003252,1.000657,0.991766,1.015815,0.999943,1.004001,0.980353,0.997632,1.000081,0.982457,0.984481,0.993701,1.003384,1.000584,0.991319,1.006523,0.982327,0.997254,0.991414,1.017635,1.007983,1.003502,0.999509,1.023801,1.002268,1.008411,1.019112,1.007215,1.011647,0.989787,0.998239,1.008818,1.010681,0.993260,0.980724,0.981656,0.988250,0.990796,0.996186,0.995652,1.018155,0.996687,0.980045,1.013574,1.028324,1.013418,0.988984,0.992727,0.984841,0.989640,0.986308,0.971475,0.496538,
0.511890,1.016625,0.990123,1.013912,0.971520,0.992106,0.984473,0.992280,0.990508,0.997615,0.966193,0.988928,1.014688,1.037424,1.014399,1.008856,1.004294,1.006554,1.003003,0.994462,0.996738,1.023024,1.004883,0.988444,1.004943,1.008093,1.001846,0.966800,0.984301,1.016730,1.006097,1.028181,1.016679,0.992309,1.007972,0.989239,0.993084,1.014154,1.014148,0.995153,0.993194,0.993646,1.013121,1.013642,1.008627,1.007074,0.970178,0.987771,0.995705,0.990250,1.007693,0.999339,1.001672,0.984068,1.002357,1.026826,0.990753,0.997657,1.006343,1.003674,1.002921,1.009162,1.006042,0.486479,
0.497060,1.008269,0.972675,0.996123,1.006729,0.998786,1.015750,1.022002,1.001719,0.998195,0.994678,1.005620,1.021660,1.039699,0.994555,1.006934,1.035141,1.028836,1.005791,0.996213,1.016223,1.037450,1.003323,0.998506,1.007453,0.993602,0.985716,0.963866,0.995682,1.003532,1.014233,1.027826,0.999496,0.988209,1.001742,1.007836,1.001912,1.006808,0.999969,0.993455,0.998010,0.997140,1.010327,1.009579,0.996667,1.027485,0.999541,0.981681,0.985366,1.007551,1.003474,1.012243,1.004119,0.993772,0.995831,1.007863,1.006720,0.997777,1.008499,0.996102,0.971546,0.990438,0.998005,0.501070,
0.490365,0.985872,0.994952,0.984492,0.998762,1.029963,0.992072,1.010706,0.998414,0.980877,1.000476,0.981074,1.020837,1.015497,1.024428,1.011300,1.008644,1.022592,0.999430,0.965727,0.998624,1.018446,1.004834,1.012412,1.002235,1.021252,1.008193,1.005924,1.012269,1.012508,1.018646,1.012274,1.020689,1.010523,1.023370,1.017354,0.992326,1.017055,0.973871,1.001175,1.014210,1.015820,0.999334,1.025324,1.004791,1.028954,0.996361,0.979129,0.989735,0.994865,0.996507,0.984962,1.007001,1.031605,0.982558,0.987729,0.987524,0.981826,0.994239,0.994833,0.959970,0.964915,0.969470,0.486542,
0.491901,0.974474,0.993448,0.990484,0.987040,1.015037,0.989564,1.005546,0.997589,0.982102,1.006981,0.995027,0.991761,0.996900,1.008764,0.995909,1.040648,1.023987,1.004208,0.986916,0.989210,1.004391,0.989121,0.997509,1.014303,1.012493,0.992776,1.004722,1.030763,1.006432,1.016082,1.039538,1.008857,0.996470,1.020178,0.999809,0.983155,0.997539,0.988191,1.006686,1.021114,0.980104,0.996220,1.006016,0.997492,1.033075,1.026551,1.010697,1.016428,1.010075,0.987415,1.003371,1.022525,1.029571,0.978086,0.977893,0.980386,0.995562,1.000149,0.982681,0.972974,1.006244,0.990151,0.495125,
0.500578,0.985299,0.995825,1.031441,1.042224,1.056423,0.995077,0.993574,1.005799,0.980264,0.985300,1.014221,0.999260,0.988996,0.995363,0.998381,1.023037,1.018529,1.022070,1.001677,0.979096,1.003594,0.976877,0.989228,1.005081,0.996848,0.991906,1.013709,1.020997,1.008995,1.040423,1.028452,0.988775,1.014827,0.998246,1.009150,1.013156,0.981769,1.001680,0.999886,1.009344,0.993641,0.984280,1.023037,1.010124,1.005811,0.997905,1.007554,1.022623,1.020818,1.014269,1.014192,1.001407,1.004741,0.981222,1.020986,1.021560,1.007431,0.998903,1.021222,0.991682,0.982713,0.980427,0.490516,
0.512465,0.989478,0.982777,0.990238,1.049716,1.010298,1.006641,0.975012,0.997166,0.976499,0.998296,1.017852,0.989540,1.006100,0.993130,1.015233,1.000338,0.973997,0.997456,1.003737,0.982189,0.979050,0.978123,0.986323,0.965886,0.967165,0.986047,0.968787,0.991115,0.993191,1.024150,1.016700,0.998317,1.009343,1.008673,1.009648,1.009047,0.987389,0.996078,0.984647,0.998518,1.017300,0.995318,0.982333,0.983079,0.980315,0.990918,0.995120,1.007060,1.000239,1.010581,1.006563,0.993637,1.002090,1.013719,0.996230,0.991049,0.993514,1.008162,1.009556,0.988532,1.000376,0.999232,0.497262,
0.484976,0.982471,0.972565,0.998989,0.984076,0.989242,1.003713,1.005662,0.980267,0.986166,0.983623,1.021997,0.994647,0.989618,0.978216,0.989127,1.012654,0.988723,0.978789,1.001602,1.010310,1.000922,1.004173,1.013631,1.024504,1.006692,1.009267,0.976827,0.969112,0.999118,0.986547,1.001351,0.999470,0.998994,1.008049,1.007118,0.982167,0.999839,1.007565,1.031523,0.998050,0.990116,0.988623,0.998059,1.010268,0.984868,1.005404,0.968695,0.988858,1.006890,1.008544,1.003381,1.012979,1.002236,1.027681,1.008107,1.008829,1.013623,1.023912,1.023129,0.993972,1.006261,1.010852,0.511948,
0.504556,0.995958,1.014592,1.012836,0.993187,1.004819,1.006726,1.004273,0.991013,1.029831,1.000484,0.986041,0.963385,0.985560,0.971657,1.010293,1.009200,1.007851,1.003160,1.002136,0.994363,1.011457,0.988046,1.000928,1.000477,0.993857,1.011254,0.984062,0.979769,0.982880,0.966792,0.967804,0.985440,1.010225,1.004141,0.993675,0.989679,1.018262,1.015356,1.005415,0.991281,1.007141,0.994035,0.997667,1.015252,1.013044,1.003921,0.991450,0.983317,1.016121,1.001483,1.016241,1.020130,1.019395,1.014188,1.012414,1.019924,0.976082,1.005926,0.997302,1.007575,1.015393,1.009921,0.497166,
0.495379,0.986903,1.033672,1.010161,1.006876,1.010641,1.011306,0.995568,0.975171,1.021504,1.015488,0.992214,1.008596,0.997028,0.965121,0.984928,1.007380,1.006840,0.990326,1.027415,0.994725,1.008571,0.993034,0.993321,0.995136,0.979333,1.015932,1.014267,1.001815,1.009115,0.994169,0.977738,0.987350,0.987479,1.008376,0.995283,1.003260,0.997154,1.010937,1.001246,0.991993,0.993591,1.018661,0.992425,0.991910,0.989781,0.989236,0.999194,0.980445,1.024985,1.020176,1.006682,1.004814,0.994958,0.991139,0.992953,1.014379,1.004655,0.978980,1.005052,1.018067,1.000781,0.998317,0.480644,
0.487161,0.992036,1.016942,1.013150,1.004435,1.007812,0.989944,1.009606,0.993101,0.993616,1.000949,1.002526,1.003572,1.007873,0.990520,0.993448,1.008101,1.012830,1.001554,1.019348,1.008180,0.973495,1.018757,0.994138,0.982586,0.998214,1.002670,1.013955,0.998535,0.998798,0.994643,1.004046,0.998972,0.990016,1.011160,1.009625,1.008403,0.998849,1.003677,0.991613,0.982766,0.998562,1.002156,0.997734,0.993432,0.996939,1.024920,0.992062,0.995794,0.984783,1.031861,1.006384,0.979640,1.009604,1.008137,1.007472,0.995462,1.015263,0.983224,0.998964,0.988080,0.987855,1.019936,0.513207,
0.486847,0.992184,1.002360,0.997647,1.006785,1.026994,1.023620,0.997210,0.969254,0.983591,0.977639,0.990798,0.997073,1.022059,0.995268,0.981405,1.005494,0.992219,0.998755,1.004514,1.010597,0.983187,1.016455,1.005512,0.988955,0.964869,0.998868,1.012332,1.006017,1.016171,1.010353,1.000472,0.996423,0.996799,1.016909,1.017382,1.044467,1.006333,0.998236,1.002248,0.998369,1.000919,0.997266,1.021793,1.004250,0.990223,1.012174,1.002738,1.012946,0.985186,1.002654,0.985696,1.012143,1.005402,0.995795,1.009630,0.993611,1.015162,0.992912,1.013935,1.007324,0.999890,1.024791,0.513751,
0.495299,1.002783,0.973052,1.020902,1.014371,1.008118,1.005975,1.017353,0.998962,1.010617,0.995284,0.997102,0.993630,0.995979,0.987642,0.998170,1.028611,1.007134,0.985824,0.999009,1.000283,1.001845,0.993709,1.003388,0.988500,1.000465,0.999313,1.003144,0.985202,0.990276,0.975380,0.999704,0.996845,0.985247,0.996640,1.013742,0.997057,0.990598,0.965769,1.004557,1.029883,1.014739,0.994723,1.004569,0.970385,0.979731,0.993782,1.010566,1.001902,1.014526,1.001026,0.997765,1.028464,1.025666,0.992347,1.010573,1.015296,1.009134,0.986790,0.982318,0.990348,0.985213,1.039068,0.503326,
0.489531,0.981935,0.975532,0.999657,0.993021,1.020175,0.993203,1.001456,1.016342,0.995327,0.992353,1.006134,0.999737,1.016607,0.994981,0.970375,1.009085,1.026857,1.007719,1.014415,1.016607,1.026947,1.019479,1.010918,1.009789,1.006246,1.022664,0.998910,1.009553,0.994801,1.001947,0.994088,0.974491,1.001331,1.014760,1.024303,1.012614,1.007868,0.983529,0.982489,0.997328,0.999123,0.981646,0.998670,0.989433,0.971725,0.955203,0.986111,0.984275,0.995258,1.025085,0.992279,1.019943,0.995767,0.974442,0.996218,1.001014,0.985876,1.023502,1.005681,0.993461,0.993231,1.018467,0.496046,
0.498735,1.032391,1.010593,1.006428,1.014425,1.021493,1.017440,1.022408,0.990750,0.991351,0.988512,0.969283,0.981813,0.986125,1.000993,0.972333,0.990943,0.982960,1.014881,0.996346,0.982428,0.991692,0.996720,0.977140,1.002366,1.021921,1.014942,1.026576,1.018018,0.978700,0.981023,0.977888,0.987278,0.983722,1.014067,1.027477,0.995152,0.953236,0.974887,0.973705,1.002067,1.003487,1.017120,1.010826,0.963809,0.987449,0.990645,0.997246,0.994352,0.999104,0.995509,1.024374,1.022563,1.009000,1.013142,1.007714,1.019417,1.012256,1.015780,1.005297,1.009916,1.013380,1.016867,0.503086,
0.489406,1.002110,1.016276,1.003817,1.020445,1.010885,1.007013,0.982635,0.989979,1.020210,0.996881,0.980499,0.987576,0.982401,0.990760,0.985093,1.000132,1.016387,1.006234,1.002556,0.978821,0.987175,1.002514,0.992194,0.987085,0.976662,1.000888,0.999468,1.006714,1.011253,1.021213,1.002540,0.978308,1.002167,1.004884,1.022064,0.995441,1.004137,1.000703,1.007221,1.009594,0.997718,1.009846,1.009711,1.016890,1.007308,0.991636,0.986027,0.995024,0.989895,0.978135,1.007022,0.996441,1.004982,1.010238,1.025533,1.005888,1.006518,0.990771,0.977679,1.004015,0.986379,0.989731,0.495936,
0.492683,1.011582,1.017035,0.975182,1.003267,1.015150,1.021956,0.984028,0.972855,1.002723,0.999619,1.012784,1.019271,0.998117,1.007510,0.975536,1.002535,1.019224,1.009928,1.013455,1.011060,1.000302,1.019773,1.002959,0.996513,0.970609,1.009435,0.994289,1.023075,1.005057,0.999589,0.985189,0.987693,0.984013,0.979085,1.001538,0.993073,1.001321,1.033018,1.019476,1.005976,0.999096,0.987567,1.016862,1.021675,0.997450,0.982927,1.016775,0.989933,0.994272,0.982842,0.964098,0.988909,1.014167,0.999630,1.008497,0.997069,0.982469,0.994633,0.982178,1.020253,0.991797,0.999991,0.504354,
0.495179,0.989165,0.984147,0.970714,1.018027,1.008959,0.988317,0.992928,0.968529,0.988303,1.006644,0.986586,0.973455,1.001551,1.033709,1.025483,1.001343,0.999818,1.006730,0.983795,0.995966,1.006966,1.025463,0.991779,0.992060,0.994413,0.995171,1.012691,1.023581,1.007771,1.015134,0.996156,0.965409,1.005504,1.009420,1.024383,0.980963,0.999162,1.024559,1.009712,1.017252,1.002526,1.000555,1.010428,0.987015,1.001657,0.988299,1.011513,1.009785,1.029992,0.993196,0.978399,0.997607,0.990693,0.994958,0.997533,0.992903,0.987238,1.011107,1.020194,0.999335,0.988105,0.977334,0.502999,
0.250003,0.490829,0.507380,0.505250,0.526030,0.498427,0.504162,0.501849,0.499397,0.485205,0.506284,0.494423,0.491911,0.481531,0.505921,0.504628,0.497777,0.485810,0.488299,0.495927,0.499499,0.510670,0.510337,0.471946,0.483520,0.496760,0.491273,0.501658,0.497670,0.513211,0.498611,0.484080,0.476379,0.485615,0.505095,0.512035,0.512240,0.518747,0.517608,0.496654,0.501548,0.507407,0.500959,0.493846,0.502461,0.513190,0.497384,0.486427,0.498136,0.495008,0.500699,0.491028,0.490836,0.502493,0.500927,0.491553,0.494697,0.523982,0.502639,0.506018,0.497406,0.513345,0.513870,0.248832,
